25
-10	-10	0
-5	-10	0
0	-10	0
5	-10	0
10	-10	0
-10	-5	0
-5	-5	0
0	-5	0
5	-5	0
10	-5	0
-10	0	0
-5	0	0
0	0	0
5	0	0
10	0	0
-10	5	0
-5	5	0
0	5	0
5	5	0
10	5	0
-10	10	0
-5	10	0
0	10	0
5	10	0
10	10	0
5.62774755097005e+02	2.69584558836549e-01	1.56367561045398e-01	1.07930027628818e-01	8.38272187227413e-02	2.70673618894963e-01	2.01346401541380e-01	1.31463762202518e-01	9.40994501213308e-02	7.54423978407403e-02	1.59586806136912e-01	1.35139114494972e-01	1.01434133143211e-01	7.93297085188521e-02	6.68003883331915e-02	1.11968965385765e-01	9.86626758416058e-02	8.13530737353273e-02	6.77979449503880e-02	5.94592503581769e-02	8.72483909752479e-02	7.89949841921301e-02	6.88704035988613e-02	5.99883208359133e-02	5.36809804570017e-02	
2.69584558836549e-01	5.93136788867565e+02	2.52425809726538e-01	1.48201570536141e-01	1.07256026566814e-01	2.02559799978437e-01	2.48314105325720e-01	1.83148109030792e-01	1.24949096109285e-01	9.53418436976880e-02	1.36359808770098e-01	1.39930258433141e-01	1.19499520116689e-01	9.67474879148703e-02	8.07735391230484e-02	9.84907967003781e-02	9.65962136433311e-02	8.71993428900062e-02	7.64545469329533e-02	6.81768788022485e-02	7.75993900327990e-02	7.53131886807300e-02	7.00180275031043e-02	6.38813575956381e-02	5.86662912198907e-02	
1.56367561045398e-01	2.52425809726538e-01	6.65685726616723e+02	2.48112222201123e-01	1.52091077143509e-01	1.34119972685163e-01	1.84720025092903e-01	2.34045004777341e-01	1.80854592186066e-01	1.31092362891675e-01	1.03747188802578e-01	1.20727763749609e-01	1.27828655191492e-01	1.19071633125381e-01	1.02692631036730e-01	8.07940920185567e-02	8.67789925317808e-02	8.85152919382916e-02	8.59240613246321e-02	8.06251556361724e-02	6.64752162817540e-02	6.89245185456126e-02	6.94140453806265e-02	6.81080710557481e-02	6.56828196982889e-02	
1.07930027628818e-01	1.48201570536141e-01	2.48112222201123e-01	5.94473390760476e+02	2.61688170225533e-01	9.53662082211227e-02	1.25052362554926e-01	1.79430745823264e-01	2.40693877814244e-01	1.96682989848060e-01	7.96654973228747e-02	9.57860496051990e-02	1.16843511481716e-01	1.35748956968883e-01	1.33334187492005e-01	6.67638236263904e-02	7.54711601412670e-02	8.52563425783417e-02	9.39969709807928e-02	9.68823392184751e-02	5.80484574573837e-02	6.31827956164197e-02	6.84735980950709e-02	7.30292563656384e-02	7.54568164409088e-02	
8.38272187227413e-02	1.07256026566814e-01	1.52091077143509e-01	2.61688170225533e-01	6.85258150386200e+02	7.49866807997058e-02	9.36200212964098e-02	1.27902763961069e-01	1.94627467413450e-01	2.65613582207303e-01	6.55309807796332e-02	7.81741379239353e-02	9.89504342872470e-02	1.31631796591176e-01	1.57407202054636e-01	5.80600475779610e-02	6.67974923855001e-02	7.95410498828271e-02	9.64964533134861e-02	1.10972984771981e-01	5.30442834667938e-02	5.92834787928481e-02	6.74121382238982e-02	7.69268501144468e-02	8.53847824101069e-02	
2.70673618894963e-01	2.02559799978437e-01	1.34119972685163e-01	9.53662082211227e-02	7.49866807997058e-02	6.73639632491050e+02	2.50516451644627e-01	1.37774253829543e-01	9.31760262966542e-02	7.26963459590906e-02	2.58183503395417e-01	1.89753930149240e-01	1.21582436599194e-01	8.65186072909773e-02	6.89862373485745e-02	1.54727019661689e-01	1.32280119124808e-01	1.00833606677793e-01	7.78065401831106e-02	6.44189384900522e-02	1.12669926245390e-01	1.01008266465984e-01	8.45606731844865e-02	6.99491264086378e-02	5.96796219805642e-02	
2.01346401541380e-01	2.48314105325720e-01	1.84720025092902e-01	1.25052362554926e-01	9.36200212964099e-02	2.50516451644627e-01	6.29755473890204e+02	2.29366636859744e-01	1.29560101293324e-01	9.32686109680359e-02	1.89869089408093e-01	2.34903820262959e-01	1.70405538685127e-01	1.14972245696990e-01	8.69234110606544e-02	1.30990351329992e-01	1.36171168588831e-01	1.17938152327135e-01	9.40435770652311e-02	7.71838199046668e-02	9.84668136274897e-02	9.82488483324252e-02	8.98152989944433e-02	7.79109589033488e-02	6.75463082335332e-02	
1.31463762202518e-01	1.83148109030792e-01	2.34045004777341e-01	1.79430745823264e-01	1.27902763961069e-01	1.37774253829543e-01	2.29366636859744e-01	4.82597025982028e+02	2.25758474950403e-01	1.34974035581879e-01	1.21431231851793e-01	1.70113261625987e-01	2.18247323556085e-01	1.68481220516802e-01	1.20607768156144e-01	9.78305806858861e-02	1.16030193649544e-01	1.25019103798969e-01	1.15070273810543e-01	9.78570819218927e-02	7.98670825841972e-02	8.74491502762019e-02	9.02245951834543e-02	8.64863195052638e-02	7.90474862253825e-02	
9.40994501213308e-02	1.24949096109285e-01	1.80854592186066e-01	2.40693877814244e-01	1.94627467413449e-01	9.31760262966542e-02	1.29560101293324e-01	2.25758474950403e-01	5.44722861228141e+02	2.44985496707224e-01	8.56703730511331e-02	1.13868473761303e-01	1.67462643891217e-01	2.30543993994831e-01	1.87194774772793e-01	7.56757151371020e-02	9.30632579734168e-02	1.15772009199512e-01	1.33437568620001e-01	1.29775819864362e-01	6.69683217083275e-02	7.72655466279432e-02	8.81500213427962e-02	9.57799311040731e-02	9.63656081772854e-02	
7.54423978407403e-02	9.53418436976880e-02	1.31092362891675e-01	1.96682989848060e-01	2.65613582207303e-01	7.26963459590906e-02	9.32686109680360e-02	1.34974035581879e-01	2.44985496707224e-01	6.47913892704351e+02	6.81360444374870e-02	8.58823106144960e-02	1.19738154769656e-01	1.87384450561165e-01	2.58076499456549e-01	6.34503568736533e-02	7.73790315111637e-02	9.96060573454795e-02	1.31086852397824e-01	1.55413657255993e-01	5.95295354639800e-02	6.97992583031652e-02	8.36404296685627e-02	9.95888748479865e-02	1.11752728368703e-01	
1.59586806136912e-01	1.36359808770098e-01	1.03747188802577e-01	7.96654973228747e-02	6.55309807796332e-02	2.58183503395417e-01	1.89869089408093e-01	1.21431231851793e-01	8.56703730511330e-02	6.81360444374869e-02	5.92120477629488e+02	2.43856535279351e-01	1.33023696083088e-01	9.01784870747441e-02	7.02375829921681e-02	2.58761356647215e-01	1.92169164981298e-01	1.26227500017995e-01	8.94498792428904e-02	7.04310666480857e-02	1.60777080736886e-01	1.40102512385109e-01	1.09190052371868e-01	8.44209678079946e-02	6.83842438207141e-02	
1.35139114494972e-01	1.39930258433141e-01	1.20727763749609e-01	9.57860496051989e-02	7.81741379239352e-02	1.89753930149240e-01	2.34903820262959e-01	1.70113261625987e-01	1.13868473761303e-01	8.58823106144960e-02	2.43856535279351e-01	6.63649979274308e+02	2.23951772058189e-01	1.26378824073595e-01	9.07033599500203e-02	1.90647416039766e-01	2.38064076156657e-01	1.76602207406462e-01	1.18809130826939e-01	8.88635501129603e-02	1.37233375576892e-01	1.44813752229547e-01	1.27660283949763e-01	1.01801012884421e-01	8.18145471701113e-02	
1.01434133143211e-01	1.19499520116689e-01	1.27828655191492e-01	1.16843511481716e-01	9.89504342872469e-02	1.21582436599194e-01	1.70405538685127e-01	2.18247323556086e-01	1.67462643891217e-01	1.19738154769656e-01	1.33023696083088e-01	2.23951772058189e-01	5.43009271612832e+02	2.22989825479404e-01	1.32948090907570e-01	1.23221016707760e-01	1.74830400651239e-01	2.26440674918993e-01	1.73715627237922e-01	1.23586329653624e-01	1.04356556844438e-01	1.25401492878490e-01	1.36056882870851e-01	1.24098172776056e-01	1.03422695325265e-01	
7.93297085188521e-02	9.67474879148703e-02	1.19071633125381e-01	1.35748956968883e-01	1.31631796591176e-01	8.65186072909772e-02	1.14972245696990e-01	1.68481220516802e-01	2.30543993994831e-01	1.87384450561164e-01	9.01784870747441e-02	1.26378824073595e-01	2.22989825479404e-01	5.56293298508166e+02	2.44396293872568e-01	8.81321059473601e-02	1.18982859002831e-01	1.75521437954060e-01	2.37075846538046e-01	1.91866923459565e-01	8.21130615438400e-02	1.02167664437624e-01	1.26835077644968e-01	1.43188609666083e-01	1.36385419255198e-01	
6.68003883331916e-02	8.07735391230483e-02	1.02692631036730e-01	1.33334187492005e-01	1.57407202054636e-01	6.89862373485745e-02	8.69234110606544e-02	1.20607768156144e-01	1.87194774772793e-01	2.58076499456549e-01	7.02375829921681e-02	9.07033599500202e-02	1.32948090907570e-01	2.44396293872568e-01	6.06234440401090e+02	7.03277928182098e-02	9.01871176915998e-02	1.26355982287977e-01	1.93055466420741e-01	2.62130739184255e-01	6.91385559771322e-02	8.53205603979445e-02	1.09355435779103e-01	1.39963533756129e-01	1.61529194456850e-01	
1.11968965385765e-01	9.84907967003781e-02	8.07940920185567e-02	6.67638236263903e-02	5.80600475779610e-02	1.54727019661689e-01	1.30990351329992e-01	9.78305806858861e-02	7.56757151371020e-02	6.34503568736533e-02	2.58761356647215e-01	1.90647416039766e-01	1.23221016707760e-01	8.81321059473602e-02	7.03277928182098e-02	5.67120483764827e+02	2.53901909270454e-01	1.44362537363613e-01	9.86033451872339e-02	7.63259214381911e-02	2.72532083748602e-01	2.07840535224478e-01	1.41446845930349e-01	1.01825831319254e-01	7.91408435421615e-02	
9.86626758416058e-02	9.65962136433310e-02	8.67789925317808e-02	7.54711601412670e-02	6.67974923855001e-02	1.32280119124808e-01	1.36171168588831e-01	1.16030193649544e-01	9.30632579734168e-02	7.73790315111636e-02	1.92169164981298e-01	2.38064076156657e-01	1.74830400651239e-01	1.18982859002831e-01	9.01871176915998e-02	2.53901909270454e-01	6.64634726860054e+02	2.40620897009388e-01	1.38559448610380e-01	9.95033360870647e-02	2.06386971400018e-01	2.57578594440936e-01	1.96333495220250e-01	1.35134947219866e-01	1.00417785194019e-01	
8.13530737353273e-02	8.71993428900062e-02	8.85152919382915e-02	8.52563425783417e-02	7.95410498828270e-02	1.00833606677793e-01	1.17938152327135e-01	1.25019103798969e-01	1.15772009199512e-01	9.96060573454795e-02	1.26227500017995e-01	1.76602207406462e-01	2.26440674918993e-01	1.75521437954060e-01	1.26355982287977e-01	1.44362537363613e-01	2.40620897009388e-01	5.78773078491299e+02	2.38744196423866e-01	1.44463766001877e-01	1.39284231244500e-01	1.95502679242252e-01	2.49496826702541e-01	1.93416633695379e-01	1.37732360163761e-01	
6.77979449503880e-02	7.64545469329533e-02	8.59240613246321e-02	9.39969709807928e-02	9.64964533134861e-02	7.78065401831107e-02	9.40435770652311e-02	1.15070273810543e-01	1.33437568620001e-01	1.31086852397824e-01	8.94498792428904e-02	1.18809130826939e-01	1.73715627237922e-01	2.37075846538046e-01	1.93055466420741e-01	9.86033451872339e-02	1.38559448610380e-01	2.38744196423866e-01	5.92333614422907e+02	2.54877760637219e-01	1.00655640387624e-01	1.35235976178770e-01	1.94558156154762e-01	2.54155367257106e-01	2.04459058097118e-01	
5.94592503581768e-02	6.81768788022484e-02	8.06251556361723e-02	9.68823392184750e-02	1.10972984771981e-01	6.44189384900522e-02	7.71838199046668e-02	9.78570819218927e-02	1.29775819864362e-01	1.55413657255993e-01	7.04310666480858e-02	8.88635501129602e-02	1.23586329653624e-01	1.91866923459565e-01	2.62130739184255e-01	7.63259214381911e-02	9.95033360870646e-02	1.44463766001877e-01	2.54877760637219e-01	6.56019307473232e+02	8.00366006281134e-02	1.02788983711504e-01	1.41393615039161e-01	2.07167592864738e-01	2.72778469941874e-01	
8.72483909752479e-02	7.75993900327990e-02	6.64752162817541e-02	5.80484574573837e-02	5.30442834667938e-02	1.12669926245390e-01	9.84668136274897e-02	7.98670825841971e-02	6.69683217083275e-02	5.95295354639800e-02	1.60777080736886e-01	1.37233375576892e-01	1.04356556844438e-01	8.21130615438401e-02	6.91385559771322e-02	2.72532083748602e-01	2.06386971400018e-01	1.39284231244500e-01	1.00655640387624e-01	8.00366006281135e-02	5.57083167715722e+02	2.76605690117994e-01	1.65173122424599e-01	1.15705136846710e-01	8.89859057867651e-02	
7.89949841921302e-02	7.53131886807300e-02	6.89245185456126e-02	6.31827956164197e-02	5.92834787928482e-02	1.01008266465984e-01	9.82488483324253e-02	8.74491502762020e-02	7.72655466279433e-02	6.97992583031652e-02	1.40102512385109e-01	1.44813752229547e-01	1.25401492878490e-01	1.02167664437624e-01	8.53205603979446e-02	2.07840535224478e-01	2.57578594440936e-01	1.95502679242251e-01	1.35235976178770e-01	1.02788983711504e-01	2.76605690117994e-01	5.47186386216164e+02	2.66258678431732e-01	1.60128820512005e-01	1.15436734721345e-01	
6.88704035988613e-02	7.00180275031043e-02	6.94140453806265e-02	6.84735980950709e-02	6.74121382238982e-02	8.45606731844865e-02	8.98152989944433e-02	9.02245951834543e-02	8.81500213427962e-02	8.36404296685626e-02	1.09190052371868e-01	1.27660283949763e-01	1.36056882870851e-01	1.26835077644968e-01	1.09355435779103e-01	1.41446845930349e-01	1.96333495220250e-01	2.49496826702541e-01	1.94558156154762e-01	1.41393615039161e-01	1.65173122424599e-01	2.66258678431732e-01	5.25545791632547e+02	2.64034757239492e-01	1.63301340814954e-01	
5.99883208359133e-02	6.38813575956381e-02	6.81080710557481e-02	7.30292563656384e-02	7.69268501144467e-02	6.99491264086378e-02	7.79109589033488e-02	8.64863195052638e-02	9.57799311040731e-02	9.95888748479864e-02	8.44209678079946e-02	1.01801012884421e-01	1.24098172776056e-01	1.43188609666083e-01	1.39963533756129e-01	1.01825831319254e-01	1.35134947219866e-01	1.93416633695379e-01	2.54155367257106e-01	2.07167592864738e-01	1.15705136846710e-01	1.60128820512005e-01	2.64034757239492e-01	5.80492418227405e+02	2.72873013745832e-01	
5.36809804570017e-02	5.86662912198907e-02	6.56828196982889e-02	7.54568164409087e-02	8.53847824101068e-02	5.96796219805642e-02	6.75463082335332e-02	7.90474862253825e-02	9.63656081772854e-02	1.11752728368703e-01	6.83842438207141e-02	8.18145471701113e-02	1.03422695325265e-01	1.36385419255198e-01	1.61529194456850e-01	7.91408435421615e-02	1.00417785194019e-01	1.37732360163761e-01	2.04459058097117e-01	2.72778469941874e-01	8.89859057867651e-02	1.15436734721345e-01	1.63301340814954e-01	2.72873013745832e-01	6.46827645379212e+02	
