25
-10	-10	0
-5	-10	0
0	-10	0
5	-10	0
10	-10	0
-10	-5	0
-5	-5	0
0	-5	0
5	-5	0
10	-5	0
-10	0	0
-5	0	0
0	0	0
5	0	0
10	0	0
-10	5	0
-5	5	0
0	5	0
5	5	0
10	5	0
-10	10	0
-5	10	0
0	10	0
5	10	0
10	10	0
1.15309965752555e+04	1.42005458999315e+00	2.87022857785372e-01	1.02847773437473e-01	6.02527299354559e-02	1.41901793786444e+00	6.80864165042573e-01	2.13772139092538e-01	9.14893163636282e-02	5.74870290816076e-02	2.87409793235285e-01	2.14054624084258e-01	1.17775136307993e-01	7.08064874664312e-02	5.15231893788179e-02	1.02833448137126e-01	9.14806302557554e-02	7.07766675706964e-02	5.49774323836664e-02	4.53148509028918e-02	6.00158160453087e-02	5.72653157921374e-02	5.13487243031509e-02	4.52138669795069e-02	4.01261339627790e-02	
1.42005458999315e+00	9.10804846843826e+03	1.42634016816328e+00	2.86410376425861e-01	1.02966461111200e-01	6.82521593245874e-01	1.42464458226068e+00	6.80116816012120e-01	2.13230708911341e-01	9.15946657625642e-02	2.14337119728064e-01	2.87457427146949e-01	2.13874467227740e-01	1.17428549646246e-01	7.08617768931947e-02	9.15442249980076e-02	1.02603439826348e-01	9.13216768457064e-02	7.06716060290988e-02	5.50316437514399e-02	5.73014199079570e-02	5.97354748796032e-02	5.71000768361345e-02	5.12932504425144e-02	4.52697302058363e-02	
2.87022857785373e-01	1.42634016816328e+00	1.17412348983501e+04	1.42558789561273e+00	2.87501785673818e-01	2.14320734687267e-01	6.82163064743265e-01	1.43421839556994e+00	6.81530918065191e-01	2.14177999486454e-01	1.17829730545610e-01	2.13966214686796e-01	2.86978986099934e-01	2.13782045712508e-01	1.17810670632379e-01	7.08202419254025e-02	9.13242919752915e-02	1.02466567313246e-01	9.13192760045153e-02	7.08806199665426e-02	5.14042626070367e-02	5.71268907969455e-02	5.96656691784357e-02	5.71533221669988e-02	5.14625037509903e-02	
1.02847773437473e-01	2.86410376425861e-01	1.42558789561273e+00	1.25602775316813e+04	1.41838817723023e+00	9.15616784548817e-02	2.13257716265971e-01	6.81519606649759e-01	1.42172137178896e+00	6.80966090781302e-01	7.08555193156047e-02	1.17498083314398e-01	2.13965676348369e-01	2.87386260309414e-01	2.14276017071029e-01	5.50355504849003e-02	7.07132688416848e-02	9.13672934715981e-02	1.02690065645749e-01	9.16897696989619e-02	4.52887128081431e-02	5.13428966171323e-02	5.71758748012763e-02	5.98458572975240e-02	5.74390457549312e-02	
6.02527299354559e-02	1.02966461111200e-01	2.87501785673818e-01	1.41838817723023e+00	1.13971424072648e+04	5.75268151693423e-02	9.15950458087230e-02	2.14057961143362e-01	6.81621203446825e-01	1.41944384248166e+00	5.15893640410950e-02	7.09272558753084e-02	1.17902189874480e-01	2.14315326512798e-01	2.87824131107278e-01	4.53983303768432e-02	5.50998041402467e-02	7.09308443241897e-02	9.17163018024158e-02	1.03127082176135e-01	4.02222962261004e-02	4.53411153526256e-02	5.15067444889143e-02	5.74615552978830e-02	6.02295058228941e-02	
1.41901793786444e+00	6.82521593245874e-01	2.14320734687267e-01	9.15616784548817e-02	5.75268151693423e-02	1.04120564190495e+04	1.41854698085684e+00	2.87191311062506e-01	1.02589521181469e-01	5.99243154609482e-02	1.41833504884123e+00	6.80443791779206e-01	2.14025790198487e-01	9.13194068871300e-02	5.72359034318348e-02	2.86786543855648e-01	2.13686832315613e-01	1.17539319670955e-01	7.06489462228231e-02	5.13449380412458e-02	1.02757637834750e-01	9.13812136085691e-02	7.06703075089890e-02	5.48795337544974e-02	4.52086851940494e-02	
6.80864165042574e-01	1.42464458226068e+00	6.82163064743265e-01	2.13257716265971e-01	9.15950458087231e-02	1.41854698085684e+00	1.13479805198272e+04	1.42538341717624e+00	2.86376941856523e-01	1.02607291330575e-01	6.80947344457378e-01	1.41851253815087e+00	6.82402892414368e-01	2.13511583361162e-01	9.13555410187308e-02	2.13718864632492e-01	2.86712081333573e-01	2.13712739846505e-01	1.17395876569660e-01	7.06985115200950e-02	9.14078089522005e-02	1.02456456485376e-01	9.12028562328503e-02	7.05934620833805e-02	5.49245396707034e-02	
2.13772139092538e-01	6.80116816012120e-01	1.43421839556994e+00	6.81519606649759e-01	2.14057961143362e-01	2.87191311062506e-01	1.42538341717624e+00	1.09751854321399e+04	1.42242578579119e+00	2.87153819338240e-01	2.14041509105102e-01	6.81534481652353e-01	1.42535549824049e+00	6.82198013701507e-01	2.13970382404711e-01	1.17574994860324e-01	2.13558571188873e-01	2.86867882807556e-01	2.13692708290985e-01	1.17660437747340e-01	7.07258793357706e-02	9.12421424166915e-02	1.02376658061671e-01	9.12639819643253e-02	7.07732082634009e-02	
9.14893163636282e-02	2.13230708911341e-01	6.81530918065191e-01	1.42172137178896e+00	6.81621203446825e-01	1.02589521181469e-01	2.86376941856523e-01	1.42242578579119e+00	1.15368176261389e+04	1.41939843122809e+00	9.13708985140416e-02	2.13644744317684e-01	6.82641225093519e-01	1.42255591644509e+00	6.80786245214251e-01	7.07010538860991e-02	1.17410280788556e-01	2.13643889292270e-01	2.86701475304511e-01	2.13854589196938e-01	5.49415547385889e-02	7.06367575074646e-02	9.12306563486998e-02	1.02524336754226e-01	9.15125946508471e-02	
5.74870290816076e-02	9.15946657625642e-02	2.14177999486454e-01	6.80966090781302e-01	1.41944384248167e+00	5.99243154609482e-02	1.02607291330575e-01	2.87153819338239e-01	1.41939843122809e+00	1.11054888960164e+04	5.72686827866195e-02	9.13913266850407e-02	2.14128806015526e-01	6.81356176420578e-01	1.41741911058239e+00	5.13987314439306e-02	7.07359252065959e-02	1.17652414087655e-01	2.14011004655222e-01	2.87096185416305e-01	4.52766663819628e-02	5.49742156220905e-02	7.07794113853101e-02	9.15453921268774e-02	1.02924739238029e-01	
2.87409793235285e-01	2.14337119728064e-01	1.17829730545610e-01	7.08555193156047e-02	5.15893640410950e-02	1.41833504884123e+00	6.80947344457378e-01	2.14041509105102e-01	9.13708985140416e-02	5.72686827866195e-02	1.33858840164244e+04	1.42019643370390e+00	2.87148007269611e-01	1.02470866925459e-01	5.97474505438902e-02	1.41963482510830e+00	6.81208765533490e-01	2.13820260790547e-01	9.12320389069193e-02	5.71276316128502e-02	2.87050986752952e-01	2.13759801752751e-01	1.17548414370723e-01	7.06380011089883e-02	5.13090045896787e-02	
2.14054624084258e-01	2.87457427146949e-01	2.13966214686796e-01	1.17498083314398e-01	7.09272558753084e-02	6.80443791779205e-01	1.41851253815087e+00	6.81534481652353e-01	2.13644744317684e-01	9.13913266850406e-02	1.42019643370390e+00	1.17631742297342e+04	1.42267349073379e+00	2.86453082114091e-01	1.02490608533425e-01	6.80456557572565e-01	1.41847396121827e+00	6.80879168380893e-01	2.13223323586631e-01	9.12396415076003e-02	2.13859043122861e-01	2.86757873262974e-01	2.13505719679050e-01	1.17324176878956e-01	7.06468625778154e-02	
1.17775136307993e-01	2.13874467227740e-01	2.86978986099935e-01	2.13965676348369e-01	1.17902189874480e-01	2.14025790198487e-01	6.82402892414368e-01	1.42535549824049e+00	6.82641225093519e-01	2.14128806015526e-01	2.87148007269611e-01	1.42267349073379e+00	1.13036836930307e+04	1.41962213233719e+00	2.87246936380288e-01	2.13728429896043e-01	6.81011460071543e-01	1.42446945289735e+00	6.80931346026171e-01	2.13864814373859e-01	1.17608051928683e-01	2.13730957592244e-01	2.86688880232200e-01	2.13657825951422e-01	1.17617283626304e-01	
7.08064874664312e-02	1.17428549646246e-01	2.13782045712508e-01	2.87386260309414e-01	2.14315326512798e-01	9.13194068871300e-02	2.13511583361162e-01	6.82198013701507e-01	1.42255591644509e+00	6.81356176420578e-01	1.02470866925459e-01	2.86453082114091e-01	1.41962213233719e+00	9.81795182295379e+03	1.41943762421367e+00	9.12713116686826e-02	2.13526926635666e-01	6.81305237100584e-01	1.42186564369211e+00	6.81488665628332e-01	7.06922267065984e-02	1.17470480142344e-01	2.13559125954472e-01	2.86929167334568e-01	2.14018669321504e-01	
5.15231893788178e-02	7.08617768931947e-02	1.17810670632379e-01	2.14276017071029e-01	2.87824131107278e-01	5.72359034318347e-02	9.13555410187306e-02	2.13970382404711e-01	6.80786245214251e-01	1.41741911058239e+00	5.97474505438902e-02	1.02490608533425e-01	2.87246936380288e-01	1.41943762421367e+00	1.15623780939852e+04	5.71547287666429e-02	9.13008095106042e-02	2.13918508980783e-01	6.81357200769048e-01	1.41777549848227e+00	5.13528837037740e-02	7.07054209794764e-02	1.17578330445324e-01	2.13909771696201e-01	2.87156811443232e-01	
1.02833448137126e-01	9.15442249980076e-02	7.08202419254025e-02	5.50355504849002e-02	4.53983303768432e-02	2.86786543855648e-01	2.13718864632492e-01	1.17574994860324e-01	7.07010538860991e-02	5.13987314439306e-02	1.41963482510830e+00	6.80456557572564e-01	2.13728429896043e-01	9.12713116686826e-02	5.71547287666430e-02	1.27744886413438e+04	1.41791136119518e+00	2.86981841734267e-01	1.02443376518229e-01	5.97005729228217e-02	1.42242248349973e+00	6.80199816578123e-01	2.13783760163457e-01	9.13008163299067e-02	5.71580365691873e-02	
9.14806302557554e-02	1.02603439826348e-01	9.13242919752916e-02	7.07132688416848e-02	5.50998041402468e-02	2.13686832315613e-01	2.86712081333574e-01	2.13558571188873e-01	1.17410280788556e-01	7.07359252065959e-02	6.81208765533490e-01	1.41847396121827e+00	6.81011460071543e-01	2.13526926635666e-01	9.13008095106043e-02	1.41791136119518e+00	9.79484851956894e+03	1.41821194566534e+00	2.86515929698229e-01	1.02461406768999e-01	6.81888622529239e-01	1.41744879926978e+00	6.80811909893749e-01	2.13648806530335e-01	9.13149541942383e-02	
7.07766675706964e-02	9.13216768457065e-02	1.02466567313246e-01	9.13672934715981e-02	7.09308443241897e-02	1.17539319670955e-01	2.13712739846505e-01	2.86867882807555e-01	2.13643889292270e-01	1.17652414087655e-01	2.13820260790547e-01	6.80879168380893e-01	1.42446945289735e+00	6.81305237100584e-01	2.13918508980783e-01	2.86981841734267e-01	1.41821194566534e+00	1.37947128971961e+04	1.41823091728903e+00	2.87125993589352e-01	2.14150043289748e-01	6.81579969401798e-01	1.41870717964407e+00	6.81040963629918e-01	2.13965961708593e-01	
5.49774323836664e-02	7.06716060290988e-02	9.13192760045154e-02	1.02690065645749e-01	9.17163018024159e-02	7.06489462228231e-02	1.17395876569660e-01	2.13692708290985e-01	2.86701475304511e-01	2.14011004655222e-01	9.12320389069193e-02	2.13223323586631e-01	6.80931346026171e-01	1.42186564369211e+00	6.81357200769048e-01	1.02443376518229e-01	2.86515929698229e-01	1.41823091728903e+00	1.04220773533267e+04	1.41816351657153e+00	9.13441861844029e-02	2.13683546031238e-01	6.80340262449722e-01	1.41929117965379e+00	6.80874380201453e-01	
4.53148509028917e-02	5.50316437514399e-02	7.08806199665426e-02	9.16897696989619e-02	1.03127082176135e-01	5.13449380412457e-02	7.06985115200950e-02	1.17660437747340e-01	2.13854589196937e-01	2.87096185416305e-01	5.71276316128502e-02	9.12396415076002e-02	2.13864814373859e-01	6.81488665628331e-01	1.41777549848227e+00	5.97005729228217e-02	1.02461406768999e-01	2.87125993589351e-01	1.41816351657153e+00	1.27178808283087e+04	5.71812936136769e-02	9.13438410247785e-02	2.13800643159229e-01	6.80968655675981e-01	1.42095294797602e+00	
6.00158160453087e-02	5.73014199079570e-02	5.14042626070367e-02	4.52887128081431e-02	4.02222962261004e-02	1.02757637834750e-01	9.14078089522005e-02	7.07258793357706e-02	5.49415547385889e-02	4.52766663819627e-02	2.87050986752952e-01	2.13859043122861e-01	1.17608051928683e-01	7.06922267065984e-02	5.13528837037740e-02	1.42242248349973e+00	6.81888622529238e-01	2.14150043289748e-01	9.13441861844029e-02	5.71812936136769e-02	1.29324081930660e+04	1.42192828793172e+00	2.87226587296649e-01	1.02607723023437e-01	5.98056528567335e-02	
5.72653157921374e-02	5.97354748796032e-02	5.71268907969455e-02	5.13428966171322e-02	4.53411153526257e-02	9.13812136085691e-02	1.02456456485376e-01	9.12421424166915e-02	7.06367575074646e-02	5.49742156220905e-02	2.13759801752751e-01	2.86757873262975e-01	2.13730957592244e-01	1.17470480142344e-01	7.07054209794764e-02	6.80199816578123e-01	1.41744879926978e+00	6.81579969401799e-01	2.13683546031238e-01	9.13438410247785e-02	1.42192828793172e+00	9.24574907459537e+03	1.41798224887769e+00	2.86993169965538e-01	1.02599298476976e-01	
5.13487243031509e-02	5.71000768361345e-02	5.96656691784357e-02	5.71758748012763e-02	5.15067444889143e-02	7.06703075089890e-02	9.12028562328503e-02	1.02376658061671e-01	9.12306563486998e-02	7.07794113853100e-02	1.17548414370723e-01	2.13505719679050e-01	2.86688880232200e-01	2.13559125954472e-01	1.17578330445324e-01	2.13783760163457e-01	6.80811909893749e-01	1.41870717964407e+00	6.80340262449722e-01	2.13800643159229e-01	2.87226587296649e-01	1.41798224887769e+00	1.21804199915729e+04	1.41905801153778e+00	2.87095657165807e-01	
4.52138669795069e-02	5.12932504425144e-02	5.71533221669988e-02	5.98458572975239e-02	5.74615552978830e-02	5.48795337544974e-02	7.05934620833805e-02	9.12639819643253e-02	1.02524336754226e-01	9.15453921268774e-02	7.06380011089883e-02	1.17324176878956e-01	2.13657825951422e-01	2.86929167334567e-01	2.13909771696201e-01	9.13008163299067e-02	2.13648806530335e-01	6.81040963629918e-01	1.41929117965379e+00	6.80968655675982e-01	1.02607723023437e-01	2.86993169965537e-01	1.41905801153778e+00	1.15559221369086e+04	1.41802186510034e+00	
4.01261339627790e-02	4.52697302058363e-02	5.14625037509904e-02	5.74390457549312e-02	6.02295058228941e-02	4.52086851940494e-02	5.49245396707035e-02	7.07732082634009e-02	9.15125946508470e-02	1.02924739238029e-01	5.13090045896787e-02	7.06468625778155e-02	1.17617283626304e-01	2.14018669321504e-01	2.87156811443232e-01	5.71580365691873e-02	9.13149541942383e-02	2.13965961708593e-01	6.80874380201453e-01	1.42095294797602e+00	5.98056528567335e-02	1.02599298476976e-01	2.87095657165807e-01	1.41802186510034e+00	1.38474339316094e+04	
