25
-10	-10	0
-5	-10	0
0	-10	0
5	-10	0
10	-10	0
-10	-5	0
-5	-5	0
0	-5	0
5	-5	0
10	-5	0
-10	0	0
-5	0	0
0	0	0
5	0	0
10	0	0
-10	5	0
-5	5	0
0	5	0
5	5	0
10	5	0
-10	10	0
-5	10	0
0	10	0
5	10	0
10	10	0
1.10906903767519e+04	1.47723751895335e+00	3.30750718624212e-01	1.34186880809265e-01	8.21303429268639e-02	1.47243753923914e+00	7.26152731883239e-01	2.46948472729585e-01	1.14891424403608e-01	7.35526157942482e-02	3.25177637685974e-01	2.43820135830767e-01	1.38914490893316e-01	8.56495803943438e-02	6.16130826185232e-02	1.27803899763121e-01	1.09676729429116e-01	8.28393856390575e-02	6.29742775921359e-02	5.06178559103662e-02	7.59035256895961e-02	6.80516773997505e-02	5.77187520718146e-02	4.88204721922237e-02	4.22071277635693e-02	
1.47723751895336e+00	1.16292525625083e+04	1.47508733510346e+00	3.29950051263904e-01	1.35772713495048e-01	7.25871436181706e-01	1.47006680719821e+00	7.21680758666068e-01	2.46968941094664e-01	1.17121142700955e-01	2.44922681424423e-01	3.16164558466562e-01	2.39611195867314e-01	1.39401045604466e-01	8.81199692503656e-02	1.10787134535225e-01	1.19349560682981e-01	1.05533040130597e-01	8.29098358671326e-02	6.52452691065863e-02	6.86951034156325e-02	6.87984004722711e-02	6.41508098103002e-02	5.72075853025348e-02	5.04831945585985e-02	
3.30750718624212e-01	1.47508733510345e+00	1.20128609897394e+04	1.47901686028405e+00	3.34931294189722e-01	2.47745740757537e-01	7.22452226645711e-01	1.46488796614070e+00	7.25655492696976e-01	2.52632295058530e-01	1.40083220074826e-01	2.39289258597315e-01	3.15625994819960e-01	2.43664560657273e-01	1.44965423774203e-01	8.40023392296362e-02	1.05583686471577e-01	1.18432617039202e-01	1.08713234002715e-01	8.81045477240868e-02	5.85886688125014e-02	6.43931418782926e-02	6.76270359073167e-02	6.63146833369655e-02	6.14367269596334e-02	
1.34186880809265e-01	3.29950051263903e-01	1.47901686028405e+00	1.00512581106571e+04	1.48197872219781e+00	1.15016118308030e-01	2.46368479726021e-01	7.24233658242665e-01	1.47065311030924e+00	7.33241699417739e-01	8.57634877804044e-02	1.38208784278626e-01	2.42380950388212e-01	3.22704224533863e-01	2.51929646427339e-01	6.33135487502682e-02	8.21791160983657e-02	1.07897405097725e-01	1.24624877191663e-01	1.16840241709342e-01	4.93841151231267e-02	5.71449962442388e-02	6.59829889733287e-02	7.24785882543749e-02	7.31530320213568e-02	
8.21303429268638e-02	1.35772713495048e-01	3.34931294189722e-01	1.48197872219781e+00	1.16273828303532e+04	7.30760740041253e-02	1.15938312296862e-01	2.51328804870476e-01	7.33454834524916e-01	1.48146185268215e+00	6.08686608042400e-02	8.62341087096506e-02	1.42987118051479e-01	2.51026538591074e-01	3.33457942956326e-01	5.00997469750833e-02	6.36983180620375e-02	8.63961645019536e-02	1.15929828875839e-01	1.34676227682158e-01	4.22294064032793e-02	4.98651574435172e-02	6.05138919123703e-02	7.25483368364525e-02	8.10423564692633e-02	
1.47243753923914e+00	7.25871436181706e-01	2.47745740757537e-01	1.15016118308030e-01	7.30760740041254e-02	1.06162151751306e+04	1.46257998508644e+00	3.16644771626263e-01	1.22413713336906e-01	7.25394673734176e-02	1.46144948227709e+00	7.14383415219879e-01	2.36484026776201e-01	1.06168067394384e-01	6.63372691108677e-02	3.19488279796005e-01	2.38040641639090e-01	1.33476764245934e-01	8.06243215884748e-02	5.72845290836628e-02	1.26471436704657e-01	1.08557644426775e-01	8.15054312565987e-02	6.12332904864338e-02	4.87699517577034e-02	
7.26152731883239e-01	1.47006680719821e+00	7.22452226645712e-01	2.46368479726021e-01	1.15938312296863e-01	1.46257998508644e+00	1.28999520908416e+04	1.45566268658468e+00	3.15876615094053e-01	1.24102962601540e-01	7.14713912591858e-01	1.45157756635168e+00	7.09894065353427e-01	2.36768827998087e-01	1.08220912135334e-01	2.38594490409207e-01	3.09381224763403e-01	2.32701139832931e-01	1.32947359223654e-01	8.25811815488873e-02	1.08569028234261e-01	1.17303764530423e-01	1.03252433898427e-01	8.02262197896236e-02	6.25460973593037e-02	
2.46948472729585e-01	7.21680758666067e-01	1.46488796614070e+00	7.24233658242666e-01	2.51328804870476e-01	3.16644771626263e-01	1.45566268658468e+00	1.15321831098940e+04	1.46005560291220e+00	3.21820379955606e-01	2.37108015570121e-01	7.09054915116232e-01	1.44858904794681e+00	7.14664080307746e-01	2.42576553937622e-01	1.34029645531669e-01	2.32632575182010e-01	3.08427933117288e-01	2.36405313393202e-01	1.38935191130307e-01	8.17684723310104e-02	1.03483209927130e-01	1.15987279089185e-01	1.05824619797500e-01	8.52201966648189e-02	
1.14891424403608e-01	2.46968941094664e-01	7.25655492696976e-01	1.47065311030925e+00	7.33454834524916e-01	1.22413713336906e-01	3.15876615094053e-01	1.46005560291220e+00	1.22568400150671e+04	1.47492470147466e+00	1.06131584755586e-01	2.35786955667353e-01	7.13240948038567e-01	1.46859785068849e+00	7.24274707141326e-01	8.08762971499301e-02	1.32709649362177e-01	2.36292325588934e-01	3.16248146157055e-01	2.46549097662704e-01	6.17419724088941e-02	8.07196915731183e-02	1.06054281050343e-01	1.22329613358258e-01	1.14478499994714e-01	
7.35526157942482e-02	1.17121142700955e-01	2.52632295058530e-01	7.33241699417739e-01	1.48146185268215e+00	7.25394673734176e-02	1.24102962601540e-01	3.21820379955606e-01	1.47492470147466e+00	1.24733145827891e+04	6.60330185533464e-02	1.07394014854694e-01	2.41407645365002e-01	7.23697262859735e-01	1.47346497702353e+00	5.71808213839524e-02	8.20298116898254e-02	1.38199933739790e-01	2.46121666347105e-01	3.28560221852334e-01	4.92027686330815e-02	6.29066355907086e-02	8.52490745120735e-02	1.14318555705267e-01	1.32879996229440e-01	
3.25177637685974e-01	2.44922681424423e-01	1.40083220074826e-01	8.57634877804045e-02	6.08686608042401e-02	1.46144948227709e+00	7.14713912591858e-01	2.37108015570121e-01	1.06131584755586e-01	6.60330185533465e-02	1.14287509641770e+04	1.45530548943817e+00	3.09160577316716e-01	1.16486013267336e-01	6.77395620096558e-02	1.46320019250992e+00	7.12731390717029e-01	2.34169752338364e-01	1.03776928957427e-01	6.43137010493051e-02	3.22571217847769e-01	2.40742541221974e-01	1.35244956110759e-01	8.14883383320431e-02	5.76751672451029e-02	
2.43820135830767e-01	3.16164558466562e-01	2.39289258597315e-01	1.38208784278626e-01	8.62341087096506e-02	7.14383415219879e-01	1.45157756635168e+00	7.09054915116232e-01	2.35786955667352e-01	1.07394014854694e-01	1.45530548943817e+00	9.71374204516754e+03	1.44744453596560e+00	3.08981437114895e-01	1.18164532861111e-01	7.12537948464331e-01	1.44967424235460e+00	7.04520915861601e-01	2.32956938213214e-01	1.05448521562203e-01	2.40110613697634e-01	3.10652587123815e-01	2.33563898864229e-01	1.33171490483670e-01	8.25290076143243e-02	
1.38914490893316e-01	2.39611195867314e-01	3.15625994819960e-01	2.42380950388212e-01	1.42987118051479e-01	2.36484026776200e-01	7.09894065353427e-01	1.44858904794681e+00	7.13240948038567e-01	2.41407645365002e-01	3.09160577316716e-01	1.44744453596560e+00	1.17472225754271e+04	1.45475480414595e+00	3.15257783317102e-01	2.33933230321860e-01	7.04856312572889e-01	1.44778436994724e+00	7.09957389893599e-01	2.39776736946338e-01	1.34963682402342e-01	2.33967348121116e-01	3.09654518178594e-01	2.36872318347922e-01	1.38975300329091e-01	
8.56495803943438e-02	1.39401045604466e-01	2.43664560657273e-01	3.22704224533863e-01	2.51026538591074e-01	1.06168067394384e-01	2.36768827998087e-01	7.14664080307745e-01	1.46859785068849e+00	7.23697262859735e-01	1.16486013267336e-01	3.08981437114895e-01	1.45475480414595e+00	1.24096845316299e+04	1.47039358579171e+00	1.04040948421386e-01	2.33560234311896e-01	7.10519742072092e-01	1.46244503192429e+00	7.23000310985951e-01	8.20076821945867e-02	1.34250969568763e-01	2.37615732299860e-01	3.17314343847710e-01	2.47399626151268e-01	
6.16130826185232e-02	8.81199692503655e-02	1.44965423774203e-01	2.51929646427339e-01	3.33457942956326e-01	6.63372691108677e-02	1.08220912135334e-01	2.42576553937622e-01	7.24274707141326e-01	1.47346497702353e+00	6.77395620096559e-02	1.18164532861111e-01	3.15257783317102e-01	1.47039358579171e+00	1.26895935614675e+04	6.44957693661398e-02	1.05660896724801e-01	2.39685612724057e-01	7.21583578605675e-01	1.47105580315265e+00	5.83972935430448e-02	8.36143250824586e-02	1.39668820817556e-01	2.47263418928317e-01	3.29601409198302e-01	
1.27803899763121e-01	1.10787134535225e-01	8.40023392296362e-02	6.33135487502682e-02	5.00997469750833e-02	3.19488279796005e-01	2.38594490409206e-01	1.34029645531669e-01	8.08762971499301e-02	5.71808213839524e-02	1.46320019250992e+00	7.12537948464331e-01	2.33933230321860e-01	1.04040948421386e-01	6.44957693661398e-02	1.29462641119827e+04	1.45593097658764e+00	3.11063530016267e-01	1.17764901074150e-01	6.88648867561130e-02	1.46927160952281e+00	7.20028410515158e-01	2.40024864053363e-01	1.08222017443564e-01	6.77842652101996e-02	
1.09676729429116e-01	1.19349560682981e-01	1.05583686471578e-01	8.21791160983657e-02	6.36983180620375e-02	2.38040641639090e-01	3.09381224763403e-01	2.32632575182010e-01	1.32709649362177e-01	8.20298116898254e-02	7.12731390717029e-01	1.44967424235459e+00	7.04856312572890e-01	2.33560234311896e-01	1.05660896724801e-01	1.45593097658764e+00	1.41660677077103e+04	1.44949268503128e+00	3.10030870506138e-01	1.19437693938257e-01	7.19508249166048e-01	1.46020594500938e+00	7.12992847351287e-01	2.37845204929730e-01	1.09295000792167e-01	
8.28393856390575e-02	1.05533040130597e-01	1.18432617039202e-01	1.07897405097725e-01	8.63961645019537e-02	1.33476764245934e-01	2.32701139832931e-01	3.08427933117288e-01	2.36292325588934e-01	1.38199933739790e-01	2.34169752338364e-01	7.04520915861601e-01	1.44778436994724e+00	7.10519742072092e-01	2.39685612724057e-01	3.11063530016267e-01	1.44949268503128e+00	1.07273392649439e+04	1.45268607210996e+00	3.16886967383195e-01	2.39643023681393e-01	7.12458906699142e-01	1.45292567490814e+00	7.14730147995299e-01	2.43760716231279e-01	
6.29742775921359e-02	8.29098358671326e-02	1.08713234002715e-01	1.24624877191663e-01	1.15929828875840e-01	8.06243215884747e-02	1.32947359223654e-01	2.36405313393202e-01	3.16248146157055e-01	2.46121666347105e-01	1.03776928957427e-01	2.32956938213214e-01	7.09957389893600e-01	1.46244503192429e+00	7.21583578605675e-01	1.17764901074150e-01	3.10030870506138e-01	1.45268607210996e+00	1.21075912531003e+04	1.46773835808458e+00	1.08523555975627e-01	2.38631753800737e-01	7.15899913145936e-01	1.46681939438086e+00	7.26597643120816e-01	
5.06178559103661e-02	6.52452691065862e-02	8.81045477240868e-02	1.16840241709342e-01	1.34676227682158e-01	5.72845290836628e-02	8.25811815488874e-02	1.38935191130307e-01	2.46549097662704e-01	3.28560221852335e-01	6.43137010493051e-02	1.05448521562203e-01	2.39776736946338e-01	7.23000310985951e-01	1.47105580315265e+00	6.88648867561130e-02	1.19437693938257e-01	3.16886967383195e-01	1.46773835808458e+00	1.02207050022329e+04	6.83521269744539e-02	1.10221231030992e-01	2.44694735863228e-01	7.26665987952056e-01	1.47536485499318e+00	
7.59035256895961e-02	6.86951034156325e-02	5.85886688125014e-02	4.93841151231267e-02	4.22294064032794e-02	1.26471436704656e-01	1.08569028234261e-01	8.17684723310104e-02	6.17419724088941e-02	4.92027686330815e-02	3.22571217847768e-01	2.40110613697634e-01	1.34963682402343e-01	8.20076821945867e-02	5.83972935430447e-02	1.46927160952281e+00	7.19508249166048e-01	2.39643023681393e-01	1.08523555975627e-01	6.83521269744539e-02	1.15762657115020e+04	1.46570463682388e+00	3.20561001178941e-01	1.25411763171796e-01	7.51261801153405e-02	
6.80516773997505e-02	6.87984004722711e-02	6.43931418782927e-02	5.71449962442388e-02	4.98651574435173e-02	1.08557644426775e-01	1.17303764530423e-01	1.03483209927130e-01	8.07196915731183e-02	6.29066355907086e-02	2.40742541221974e-01	3.10652587123815e-01	2.33967348121116e-01	1.34250969568763e-01	8.36143250824586e-02	7.20028410515158e-01	1.46020594500938e+00	7.12458906699142e-01	2.38631753800737e-01	1.10221231030992e-01	1.46570463682388e+00	1.14943277680275e+04	1.46204013215093e+00	3.18603800513644e-01	1.26628169899841e-01	
5.77187520718146e-02	6.41508098103001e-02	6.76270359073167e-02	6.59829889733287e-02	6.05138919123703e-02	8.15054312565987e-02	1.03252433898427e-01	1.15987279089185e-01	1.06054281050343e-01	8.52490745120735e-02	1.35244956110759e-01	2.33563898864229e-01	3.09654518178594e-01	2.37615732299860e-01	1.39668820817555e-01	2.40024864053363e-01	7.12992847351287e-01	1.45292567490814e+00	7.15899913145936e-01	2.44694735863228e-01	3.20561001178941e-01	1.46204013215093e+00	1.07636924330655e+04	1.46587600135608e+00	3.24497066509019e-01	
4.88204721922237e-02	5.72075853025348e-02	6.63146833369655e-02	7.24785882543749e-02	7.25483368364525e-02	6.12332904864338e-02	8.02262197896236e-02	1.05824619797500e-01	1.22329613358258e-01	1.14318555705267e-01	8.14883383320430e-02	1.33171490483670e-01	2.36872318347922e-01	3.17314343847711e-01	2.47263418928317e-01	1.08222017443564e-01	2.37845204929730e-01	7.14730147995299e-01	1.46681939438086e+00	7.26665987952056e-01	1.25411763171796e-01	3.18603800513644e-01	1.46587600135608e+00	1.26623882047374e+04	1.47507504725386e+00	
4.22071277635693e-02	5.04831945585985e-02	6.14367269596335e-02	7.31530320213569e-02	8.10423564692634e-02	4.87699517577034e-02	6.25460973593037e-02	8.52201966648189e-02	1.14478499994714e-01	1.32879996229440e-01	5.76751672451029e-02	8.25290076143243e-02	1.38975300329091e-01	2.47399626151268e-01	3.29601409198302e-01	6.77842652101996e-02	1.09295000792167e-01	2.43760716231279e-01	7.26597643120816e-01	1.47536485499318e+00	7.51261801153405e-02	1.26628169899841e-01	3.24497066509019e-01	1.47507504725386e+00	8.68823545967746e+03	
